01001011010000000010000111010000001101001010111100010100101000101000101111110010010010000101000111001001101110110110011010100011
11101101100001000011011110011000100011111001001010011001111101111000100000000110000101000001001110110110101111001101101111101101
11110010011100010110111101111001111101101001111011111110100101010000100111100100111000111111001111000111010100000011010111001001
00110010011111000000001100100110000010100101110001111110010101011110110001011100100001001111010100011101111011101011101110011111
10100101000110110111111100100100000011001100111010111110000101010101000010100110100010111010011010001100101011101011011111000010
00011101111111111100010001100101011111100101011110111101111111000010110011101010111011001010010111011001010111010111110001011100
00100000001001011101111011001011000111110111100111010110101101011001000011000010110101100101000111111110011100001000100011000110
10011000110000111111110110001010101111010101000011000001100111001111001101001000111011001110001100011011001001010001100000001110
00011110010101001101001011001011001100001011011010101011100100001111110111000000000000111101011001110000101111001110110100100111
01111101100110010000011010000001110010011010101010011101001000100001110010101001011111011001111111110011110101001110100100100110
10100001000110101101100100100001011011110100110011111101100000011110010110101000001010001101010011101000011111011001010110101101
11000111111100100010100001001000000010010010101000011001110100011110011101011000000011011010100100100000000110011010111100110011
01111111101100101101100010100110100111100101000001000110001010111001001000111001111110110100110011010001011100011100010001101000
11000101001101010110100010110011001101010001111101001010011111100011101001011001010010000011001101010101010111110010001000000101
10100100011010111110111101011101001010100101100100000101101100011011100001011001100011111000000111111011000001000111110111010111
01111100000011111011111110110100011010100000001101000111100101110011000011010011010100110111010000110111111000110000000111010000
10010011111011111001101100111100000110101111010100000010010001111110001101100001010001101101011110110000011111101011100000010100
01001001101111111001100100010000101001011100001010110110000000010001110000110111100010110000101000101010110001010001000111111011
01111011010101011000100110110110001101011100110110010010000100111101101101000110100111000110011010011111111000111111101010001001
11000101010000100101000111110111101011100110101001011110111111101011100111010111111010101111001000011110110010110100110010101010
11101110011001011011011001010110110010011010101100001110010000101011100111101110011111011111100000010011011001110000001011100001
01011101010110111011111110100110101001110001011100001111100111111101000011110001101001010010111111101001111001001001110000000101
00100111011011100110011110101111010011001011011101101110001010100000101100010110000000101111011001010000100100010101000101000111
00001000110000000001000010001010011011010000010011001110100110100001111100101001010011100010110010000001110000011111111010000101
01010111111011001011111101110101101010000010110001001000000110001110111001000100000011101101011110010000000100110111011100100010
00110110000011100110101101010000000011000001110111001000101000100110110100001011111111110000111100111001011011100101111011100111
00100001000000101000111111111001111111011001101100101001000001111000001010111011011001111001110100111111010000001110110001001101
11110011001010111010111111101110100001010110101011111101000001000001011010101011010110011001101100010100011100101100011101010001
00010111001000010100001101001101111010101000011010010100010000110011111100001010000100000111001000110111000110100101000110101000
10000000111110110010100011110011001111110111001010100000101100010000011000000011010111010111011110100010101100111000101101001001
00110101000010110101000110010011111011110110110100001110010011011101110000101011000100011000110000010011011011001010100010000000
01111100110100000110011101011111110100110100011001010011100000100100000000000100100111010101111110111010000111001111110100001101
01111100011110100100010111001010001110110100000100011111010101110101110111110101011111000000010001010010001101110001010100011011
11000000110010101111011100101101001000100100001011001100101011100010100001100010001100110001011110000010110010101001110001101000
11000000011001100010001001011000010100101011111010000100100010100011110011111001111101111101010101000000100010011000100010011000
10010000000100011000110000111101011011001011000000101011001110100101011110001001110000101011010100100110111001011111101001101101
11110010001011100001000110010010010010001011001111111001111001010110010100000101101101101011001101011000001110111101100101100111
11100010001110001110010111101001101011111000101001100000101110000100110001011101111000011110000101111111011110100000111000110001
11110100011110101011011000101101001110001011010000000000001100101010101010000010001010100001111100100111001100001101100101111000
10111011011010010101011110000110011000011011110111010110001100010111000000001101011100010010010000001011100011001011011000100001
11001111001111000111101011110110001101100011000011100000000010011111000000000101010011011111001100101100111100000011111000111001
11100101011110100011000111100010101001000111101000011010001001000110100101111101011010000101101001110110011100011100111001000011
11111010100011101001010000111000110010101110101001001111011100001000000110110001011011011001111110000110101010011111110111010111
00100110001101110111100001101001110001000111010100101101011101100010110011001001011100000010110001110100001101010101011001000100
01011000100101011111011011000000000001111010000011010011011000100100100010000001100110111011101111010101111010101000101010110001
10101010011000010011001010000001100010010001111011001001110101111011011000000110011000000111011101001011100000001101100101000100
10100001001101101000010001011101110011111100000110011011001111110010110111111110011000001000100010011011101001000011101111011011
00110111111001011001010101111010101111011101011001110001010011110111011100001010101100110010111010101010010110011101101010100001
00010011000001010000010001111011100101100111110000000011110111100110111110100111100110110010101101001100000001100000001001101110
10110110001110011111010101100010000101011101000010100110000000100001001110001100101111001111001101010101000111101100010000100110
00001110001011010010100001111110100110001110101001100010000000000011001100101101101001001110011101111001001010010101010000111100
10101100111010100101100110000011000000001001101110000111001110001101111111000111010110111101100001111001111100100101101011110010
10001000001011100000001111101110100111110011110111001001001111000101001100111100000011111001011100100001011100010010011010011101
00000011101000001101010000101001100101101100011101101000000110011011111010101101101010000011111101100010011011010101001010100111
10111000110100101001011100011111100000011001000101111111100011101010101111101010000000110011001001000000111111100000101111000110
00111001100000110110000101110000111111101011110001101000111010000111010011010001111101010111010001000111101001111000011000101011
00100101011110001111110111111111010010000010000000111000111100110100000011110111010011111011100110000101111010010001010111000100
11101010000010001101100001100011010010100011001100010100100010110101111101111100111000101111011010110001101001111011110100100011
11100101010111001011011000100011011100101011011111001111110100110011011101101100000001011011111011110010011100110001100110001101
11110111000100110010101000011001001100010111000100000010001011010010101011001010101011101101001001001000001110100111000000100110
00100000101100110111011000110101011010101010111101101000001011100111000101111000010100010000111101000111000110101011101011100011
11000000001011111101101010110001001001111110001100100100100011001011111111100011000010010001111010100010010000101001010011010111
11101100100101011010011010100100111011101011100101101010000001101101000010011110101010000101111000001110111000110010001100110110
00001110100010000000101111010001110110100010100011010011111011011101100111000111010001101011111001000111101111111100000001001110
00101110100000111011101111001111000111110101111100001110010110010101101110100001010011101001110000011000010011011110100001011011
10010100001000101111110111011010000111001110010010000100001011100010011101101101000000111010101111101011101001111101100110110100
11110110010110100110011001011111010111001100011000010000011001010110110011001111100000000101111111111101001000111000100101010001
11101010010100000001011101000010100111100100111011110101010011101011000100101111100101110001101001110001000111010011111011000101
10100001001110100011101001110101101011011001100011001010000100000101000101111111101110011000100011101110100110101000010111010101
11101010011100111011100111101000011001101111101001110010111111101001001010011101101110001100110011000100001001000001011001010101
11101110110010001111010101011011111010011001100111110011110011001110010011001111001101010000110001100011101000100100011001010010
00111011011111011001100110110101001111011000100011111000111001000001000110111110110101110101010011101111000001110001011100010000
00101111010001101001001010100101001100000011111010010001000101100000010101100011001010100101000011100101111101111101011100001110
00011010101010011101000001000111101111011111110101001111011111011001010000010100110101001000001000000100000111101101010101001111
11000000110101110001011001001000001100100101000100110100101101001101100001011111110110100011000110100001100011100000100011100001
10011100010100011001000010010101100010010010101111111001111100011111111101011000001110101110011010011000100110110101110101000111
00010011011010001111011111011111101001110101000110011111110111010000100101100010100001000011110111101101010110101001111000011100
00000010011111100001011111010011011110101111000110011111110111100011100010011100101111011011101111011111100010100111111011111011
11001001011101000000101111100110011000111011101110111010000011000001000011100110110111001010111100100010001101000000111110100010
01111111000010101011101000000111110010010010100111110101111110011100011111010000000001000100110001010001010001001101110010110010
01000010110111110000001011111000111000001000100110001001101011001000111001110001100010100001010000010000001101110011000001011101
01010011110001001010000001111101111001111100101000111001000000101000100000110011011001100101100101110110000100110100010011111001
00110100111101011001010111010001000111010001011101110011010101101000000010010000110001101010101010010101100000001000011101000100
00110010110001001111110100101100111101001011100100011100110000111001111101001100100010000110110101101000000000101100001100101010
01110001001100101000011110110100110001000001000000101111010101111100001011101101010111111000000111100101110000110110011101101100
10110101011000111110101000000101100010101001001000100100101101100010000000011001101011010001011001010100000100000101011100100010
10110111111000001110100000000001001111000111001101100111100000011011010011011101101001101101101000000011010111011101101010000110
00010100000110010111001011010000110010001000011110001111010110110000010100000011101001001111110010000100100001001100100110100011
10111110010110101011010010010111010101010010100101110100010110011101010000101110011101010100111111101001100101000101000101111010
01100000110110110100110001000010001010011101010011111110101001001100000001010001111100001011010010010100111100000110110011001111
01001010101111011111001000010000000010010101111011000101011000111010101101000101001010110010001011101110010011011011000000010000
01110010100000010110111010111011100100111111010101100000010001111000100101100110010001100001100011001001001001111101011011101110
10110010110110110000010100110101111011000111110110101111111111101100101110101100101010111100111000001000101111011000000110101111
01110000101101100000101111001110100101101001101010000101001011110100111110100111110011000100011001000110000100001101001001000011
00111100000000011010001100101011000110010001100110010010110000100010010010011011011001011011111011100111010100000001011100100001
10000101000101101110100010101011001101101110111010101111110111010111101101011101110001100110011110010001111001100110001011101000
00111001011111011000111100010111110100110110101010110001011000000111101000100011111001010100100000111010001001010101100100000110
11001001101110101111000111100011100100110111110010000111110001010100001110100000111001000101001001110011100101100101111000100010
11000100001111000101011010110011010110000001111100110001110101110101001101101001101100110011111101101000101010011100110000000111
10111001001111000010001011110101000111100000000110001101100110010110101010001101101011110000011100000100011001010011010101000010
10111010000011100000111000011000110100110000100111110011111000001000110011010010100010111100101100011110001100001011011011101101
00000011111001110001001000101001001011001010011101000100110100101000000000011111001110011011110111100110011100100101011000011011
01011011000111000111111101010111110001001101100100101010010011011101000110000001010001001101001101110111111100010000000001010100
01111011100011000000100110111111101101110100011111010011011100110010011111001000001010101101001011100010001101010110100010111001
10011001110101010011110010110100001000101101010000011011000110100100000000001110111100001000111001101011110110011101101101101010
01001010101011100000101001101110110000011010111000110011110010110110111100010010100100110000110010011111000001101110011010001010
11111110011000000110101000011010011101101101100110011100001100100111011110000001011111100101010111011100110111010110010101010110
01010000011011000000010110101111111100001110110111101000010111101001011010110110100111111111111000000101011010110011000100100011
11001110110110010100010110001001010001000010110000010001011101011100000100111011101001000010010110100100110001110001011111011000
01000110010010010000010000111000110101000100101000111101101001000011111110111010011110000110110010100110100010111101010001011100
00010101010110101001000101010111100010010100000101100110110101101101000110111101100010111000010111111011011101110011010100101010
11101111100001001001010000010111110001000010110101111011111110011001011100100101110001110001011101110000000111011101101101010111
01011110010000101011100111101000101011000000011110110110011001101001111000110110110000100110100000000010110101101110000000000000
11111001001111100011001000101010011110101011101101110101000001010100111001100110010110001101011000010111111011011000010110110111
01001001111111111110000010101010010111111010101001101111001100001111001110000011111110001000011010000100101101001110010010001100
00101110000011010010011100100000110011101101010100101110000001101000110001000001100001011000011011100101000111011111101111011010
01010110000100101010100110001001000010111110111110111101011101111000000000000111101011000110101000100011110011111100111000101001
00110110011010010110001000010110111111111110101110111011111011110100110101010011001101000000110111100010010000111011001101011110
10100011100100100110011000111010100000111010111000110001011010001100010001010101111111010110011100000110001111110010110100000110
10111001100010100110000001101110101101110011000010011100101111001011000111101101000110111110100000100111101010011001000100101010
11101011001000001110111010111111110111010010100001001000101000111100010011100000111011010100001000101010100011111111001101011001
11010010011100010010010011010100101001010011000010010111111110010010111010110101010001001110101101011001011100000001101010101111
01111001010110001000011101000111000111111001010110000011001010010111100000100101001111100001111110101011010000111111100110101100
01111000111011001101110110110100001000100111010111000000111010011011100011010101100111000011111111010100010101101001101101010100
11001100111111000011110100110000010101110101110011110011100011001101100000011100001101001010111011011111101001001011110111010001
11110101000111111011111000111010100011110001001010010010010001011111110101100111111011011010011011101100000011011101111111001011
10000111000100110001101001011111111010111010100001000010111111011000011010011101110101000011100110010010111010101110010001000111
01101110000010101000010011110110011001010101101011010111000111110001110100101101000010111000101011010000011010100101011110111101